O  = 0.192886 +- 0.341653
C  = 0.17546 +- 0.191273
CA = 0.506468 +- 0.205909
CO = 0.649482 +- 0.16271
CC = 0.528821 +- 0.218872
CS = 0.458 +- 0.25944
