O  = 0.133583 +- 0.0810977
C  = 0.155247 +- 0.120303
CA = 0.664107 +- 0.125198
CO = 0.775399 +- 0.100297
CC = 0.77506 +- 0.112372
CS = 0.6 +- 0.268178
