O  = 0.0476304 +- 0.0390072
C  = 0.0605008 +- 0.055192
CA = 0.824851 +- 0.134328
CO = 0.892271 +- 0.0959437
CC = 0.881998 +- 0.117923
CS = 0.852 +- 0.226738
