O  = 0.0582482 +- 0.0834742
C  = 0.0562299 +- 0.0681774
CA = 0.827273 +- 0.15545
CO = 0.892388 +- 0.112755
CC = 0.888442 +- 0.132752
CS = 0.806 +- 0.283492
