O  = 0.036112 +- 0.0322868
C  = 0.0603921 +- 0.0878443
CA = 0.706662 +- 0.178259
CO = 0.804014 +- 0.131238
CC = 0.735071 +- 0.186121
CS = 0.686 +- 0.243302
